id	Name	TestRoom	QuestionAnswerTime	ProbabilityCorrect	HW_1	HW_2	HW_3	HW_4
123456790	Marylee Portis	307	2.5	0.69	85	90	89	87
123456789	Conrade Do	307	1	1	98	97	95	99
123456791	Blondie Jago	304	1	0.6	84	83	79	92
123456792	Joelly Gammidge	302	2.5	0.46	99	100	89	89
123456793	Libbi Duffan	303	1.1	0.66	95	95	93	88
123456794	Marcellina Larham	307	1.9	0.66	98	89	90	89
123456795	Vasili Adnet	303	2.2	0.9	84	83	97	82
123456796	Liuka Wortman	306	1.4	0.95	88	84	99	94
123456797	Caren Male	302	1.6	0.54	82	100	94	97
123456798	Tades A'Barrow	301	2.8	0.52	93	82	93	90
123456799	Menard Lazar	305	2.1	0.88	85	86	87	80
123456800	Jacquetta Flooks	305	1.4	0.81	85	98	89	95
123456801	Andromache Bromage	302	2.6	0.8	86	83	97	80
123456802	Aubine Farrar	308	2.9	0.61	82	82	95	100
123456803	Ed Knifton	306	2	0.61	98	87	79	92
123456804	Katheryn Challender	302	1.9	0.49	98	80	85	80
123456805	Maura Annott	302	1.2	0.92	81	84	83	100
123456806	Claudian Pengelley	306	1.8	0.88	86	97	100	80
123456807	Martita Veronique	306	2.1	0.62	94	85	79	92
123456808	Ivie Isakson	307	2.3	0.73	81	81	90	81
123456809	Randene MacConneely	306	1.2	0.94	93	85	87	83
123456810	Gianina Ilyunin	301	1.2	0.52	98	82	94	87
123456811	Kendrick Cuskery	308	2.8	0.55	80	86	77	92
123456812	Jeanette Strutt	308	1.6	0.72	88	88	77	99
123456813	Lilith Roisen	308	1.9	0.52	99	85	96	83
123456814	Sean Simonds	308	1.3	0.49	88	100	91	91
123456815	Teddi Challes	304	1.4	0.47	96	82	100	98
123456816	Tamra Poston	303	1.6	0.86	80	89	92	83
123456817	Charles Pyer	303	2.2	0.49	82	87	98	78
123456818	Haywood Sunner	308	2.5	0.57	98	96	97	90
123456819	Pepito Rickesies	302	1.1	0.74	91	86	91	98
123456820	Ardelia Brake	304	2.1	0.52	95	99	98	84
123456821	Yettie Curgenuer	307	2	0.48	82	80	91	80
123456822	Jedidiah Screwton	302	2.2	0.83	81	100	80	79
123456823	Rochester Demongeot	307	2.5	0.93	96	92	78	78
123456824	Abagael Hornung	306	2.3	0.63	82	87	79	89
123456825	Laetitia Pickvance	306	1.1	0.66	94	84	80	96
123456826	Pennie Peschet	303	1.9	0.98	91	88	90	96
123456827	Cesya Duesbury	304	2.8	0.63	91	86	91	99
123456828	Didi Mordon	301	2.4	0.86	87	88	92	80
123456829	Dom Raisbeck	301	1.5	0.73	87	84	81	86
123456830	Tilly Felgat	304	2.8	0.45	87	83	83	96
123456831	Claudell Jordanson	302	1.8	0.64	91	94	93	92
123456832	Lock Thurlbourne	303	2.8	0.94	89	82	91	82
123456833	Hallsy Pickance	305	2.1	0.49	82	99	85	79
123456834	Ebenezer Barbie	303	2.3	0.78	83	94	99	84
123456835	Fairlie Pawlata	301	2.4	0.94	81	98	85	81
123456836	Indira Napolione	303	2.8	0.84	97	96	94	89
123456837	Marci Peinton	302	1.5	0.88	80	80	78	97
123456838	Valerye Kamienski	304	2.3	0.73	80	86	82	98
123456839	Heywood Ible	304	1.7	0.5	99	87	81	76
123456840	Jamima Kemwall	307	1	0.73	90	99	78	89
123456841	Dana Bagley	308	2.4	0.91	88	96	75	94
123456842	Aigneis Nobriga	305	2.7	0.97	80	98	87	92
123456843	Jody Cruce	301	2.4	0.82	97	83	97	97
123456844	Dicky O'Farris	305	1.4	0.85	82	98	88	95
123456845	Jenda FitzGibbon	307	1.6	0.5	81	84	76	84
123456846	Penn Schukert	303	1.9	0.98	100	86	90	100
123456847	Lorraine Romei	305	2.5	0.5	95	83	83	96
123456848	Bernhard Mengo	303	2.9	0.65	90	97	100	84
123456849	Jordanna Riseborough	307	2.9	0.69	88	87	78	91
123456850	Debbi Mobberley	308	2.9	0.94	86	97	77	81
123456851	Linette Smitherham	302	1.6	0.85	94	86	92	92
123456852	Audrye Sussams	306	2.9	0.61	83	88	85	78
123456853	Janeen Yeliashev	301	2.8	0.96	96	95	95	95
123456854	Olag Anyene	307	1.5	0.79	88	100	81	75
123456855	Marianna Purnell	307	2.2	0.46	100	95	75	93
123456856	Tab Goves	308	2.7	0.61	86	87	92	93
123456857	Steffie Brede	303	1.5	0.54	89	97	86	98
123456858	Jacintha Digance	301	3	0.61	83	86	79	75
123456859	Rhea Fallows	301	1.7	0.96	96	86	92	90
123456860	Aeriell Gieves	303	1.5	0.98	98	81	82	99
123456861	Jori Shearstone	305	1.9	0.72	90	83	94	85
123456862	Noak Lightbourn	303	2.4	0.8	99	96	93	86
123456863	Bucky Swaffer	301	1.1	0.87	87	83	94	91
123456864	Bethany Torrese	306	1.6	0.95	98	98	78	75
123456865	Buiron Corby	302	1.5	0.86	84	100	86	88
123456866	Faina Blackadder	308	2.4	0.95	98	99	84	78
123456867	Ronny Mudge	301	1.2	0.71	93	82	84	87
123456868	Inigo Daly	307	1.2	0.98	83	81	89	76
123456869	Lisha Ryan	304	2.2	0.97	97	93	92	84
123456870	Albertine Kleinholz	301	2	0.76	92	93	97	100
123456871	Nicole Witcher	308	1.3	0.5	92	94	99	76
123456872	Vida Gadsden	307	2.8	0.58	100	87	79	84
123456873	Rancell Lanaway	303	1.8	0.91	91	97	93	98
123456874	Eldridge Cockill	305	2.5	0.84	90	83	89	94
123456875	Leonerd Hansill	306	2.8	0.82	91	83	98	78
123456876	Karlik Mander	303	2.8	0.56	96	88	97	98
123456877	Franciskus Colling	307	1.4	0.87	81	90	87	76
123456878	Sephira Hatchell	306	2.4	0.52	82	86	98	83
123456879	Trey Colum	302	1.8	0.93	97	88	76	86
123456880	Odelia Goggin	304	1.9	0.77	96	85	82	83
123456881	Mohammed Augustine	303	1.2	0.68	97	90	96	75
123456882	Rollo Filippazzo	306	1.3	0.75	83	95	76	84
123456883	Kamillah Vecard	302	1.9	0.92	94	94	93	100
123456884	Adams Deplacido	302	2.4	0.69	82	98	80	89
123456885	Dorita Bett	304	1.3	0.82	88	80	92	85
123456886	Kiah Luetkemeyers	302	2.3	0.8	98	97	99	79
123456887	Cherlyn Berney	307	1.1	0.53	92	87	93	76
123456888	Roderick Stubbings	304	2.1	0.96	83	93	78	92
123456889	Faith O'Crigan	308	2.3	0.91	98	80	84	78
123456890	Sonja Kelsell	305	2.8	0.87	96	80	90	84
123456891	Toby Danahar	307	2.6	0.67	85	83	80	80
123456892	Baldwin Londing	305	2.2	0.45	100	98	81	75
123456893	Tiff Chiplin	301	2.2	0.66	99	80	89	81
123456894	Tripp Quinn	308	2.8	0.55	82	95	94	75
123456895	Dixie Trusler	307	1.7	0.81	93	95	75	100
123456896	Wendall Jeandeau	302	2.1	0.7	98	96	90	76
123456897	Pepi McMorran	307	2.9	0.52	87	88	93	88
123456898	Corbett Foulds	302	2.7	0.69	89	86	91	83
123456899	Iggy Benham	305	2.4	0.86	93	96	76	97
123456900	Meade Tebb	302	1.9	0.75	93	89	84	87
123456901	Sebastian Wands	303	2.7	0.81	95	97	75	95
123456902	Felicia Sammon	301	1.5	0.48	95	81	75	95
123456903	Netti Mayman	307	2.2	0.78	99	100	93	85
123456904	Oralia Niezen	307	2.4	0.5	89	86	75	90
123456905	Saunder Pierpoint	301	2.3	0.62	99	86	94	99
123456906	Cory Jeschner	307	2.5	0.83	84	81	96	83
123456907	Dagny MacGebenay	307	1.8	0.56	89	97	76	98
123456908	Elmira Padgham	301	2	0.92	91	92	88	92
123456909	Magdalena Yuille	305	1.3	0.88	99	98	82	93
123456910	Rossy Wackley	302	2.4	0.54	94	83	88	90
123456911	Gabrielle Southerell	303	1.9	0.67	96	93	100	79
123456912	Caritta Beuscher	302	1	0.46	84	86	94	86
123456913	Leontine Rigden	305	1.4	0.54	87	91	93	96
123456914	Imojean Adamoli	308	2.5	0.67	100	86	98	91
123456915	Hildagard Fold	303	1.8	0.95	95	92	87	79
123456916	Garek Woodrough	305	1.8	0.66	94	95	79	94
123456917	Albertina Achurch	301	2.9	0.81	82	81	96	91
123456918	Darill Hayman	306	2.3	0.71	88	92	93	79
123456919	Lebbie Tuson	302	1.2	0.63	83	88	95	84
123456920	Casandra Ninotti	303	2.5	0.77	94	92	99	95
123456921	Cullen Giovannilli	305	2.5	0.52	98	80	80	93
123456922	Dalton Letessier	307	2.4	0.65	93	91	89	86
123456923	Natalya Boyack	305	2.2	0.5	86	89	92	76
123456924	Cob Cadden	304	1.3	0.64	88	83	96	90
123456925	Aime McIlwreath	307	2.1	0.97	96	90	79	87
123456926	Ardella Brandom	305	2.4	0.49	93	88	82	85
123456927	Dedie Boscher	307	2.4	0.79	87	85	77	80
123456928	Dorie Skillings	302	2.1	0.55	86	87	94	75
123456929	Vin Brenton	304	2.5	0.63	91	99	90	97
123456930	Thane Lutz	305	2	0.51	89	94	80	98
123456931	Dolly McQuarter	305	2.7	0.9	84	89	88	79
123456932	Susana Selburn	307	1.2	0.75	95	87	90	83
123456933	Jonis Dulen	302	1.2	0.75	88	85	92	94
123456934	Callean Issitt	304	2.9	0.49	83	97	94	88
123456935	Kat Abbett	308	1.4	0.73	86	81	92	98
123456936	Onofredo Cardero	304	1.7	0.81	90	85	94	79
123456937	Odille Hainey`	306	1.2	0.79	84	80	92	95
123456938	Cacilia Boake	303	2.9	0.48	99	81	77	92